image: lucia_map.pgm
resolution: 0.050000
origin: [-14.50000, -13.00000, 0.000000]
negate: 0
occupied_thresh: 0.65
free_thresh: 0.196

